depocusco
248.1265447
258.5870063
282.41124
328.326856
346.2514377
351.7718494
372.6385255
401.329704
439.4594011
444.4223845
446.6228418
509.1970242
552.7473053
610.522329
611.7529763
678.5844415
736.6481276
715.2786643
717.5245675
785.3925464
858.8508059
850.215746
873.0538016
965.5472072
1016.308951
968.1810472
1014.794113
1102.470449
1150.670201
1221.879631
1256.992885
1325.239534
1449.291207
1535.064083
1645.340754
1705.948963
1790.139641
1754.813121
1833.188368
1893.69392
2017.503653
1933.598077
1995.448573
2074.333896
2205.767891
2195.861862
2366.681943
2416.285946
2441.63427
2448.18811
2538.847593
2606.545321
2771.32355
2909.495285
2970.185088
3115.067668
