RD15202DQ
0.66275
0.931208
0.752902
0.817309
1.11385207
1.06803239
1.02712
1.04546691
1.52074427
1.4187771
2.085934
1.60573
1.864768
1.844681
2.315775
3.0042065
2.62876637
2.47572626
3.08326987
2.58156452
1.5068215
1.23853645
1.32042477
1.41993464
1.18792989
1.21735401
1.14634247
1.22236064
0.7692314
0.72946964
0.8325805
0.78484486
0.78268761
0.89041812
0.88598795
1.01338897
0.70903391
0.77591486
0.92604927
0.88003314
1.50260115
0.5619
0.54235049
0.54101167
0.69414854
0.5581617
0.65098864
0.7170362
0.63983692
0.5913774
0.64205576
0.83823946
1.12707862
1.10626454
0.91920832
1.06857043
1.23368632
0.9666754
1.41325522
1.18816159
1.12441927
1.02817221
0.97893968
0.98991045
1.09271025
1.28008664
1.91407404
2.45475192
2.17579166
1.36029667
1.29491943
2.05886094
2.42273222
1.80991302
2.75885454
3.96667954
4.40695958
2.94354115
3.9585142
4.18162768
3.69232288
3.30134385
2.5534972
3.48833136
4.96860047
3.59552123
5.12761233
6.35818364
7.4230351
5.30720749
6.00353388
7.21637856
9.36597163
4.95873554
7.15898632
8.36321691
8.46277862
6.76894378
8.18184375
