PN02703BQ
270.0953431
329.0227208
328.7943991
306.8041766
241.6349754
272.6824668
269.6930409
291.6469422
246.0703856
295.028851
348.2965775
361.8430172
313.0335692
342.8607911
299.8960794
277.4040892
335.749751
437.8831879
407.7424087
391.7965113
363.7771775
331.1819717
406.5275743
360.9228167
383.5426221
388.6879333
384.8544354
350.4315304
386.6797787
409.0085205
503.548688
500.5500227
355.2445215
349.3186297
342.4055681
407.1562895
410.0761947
485.999862
530.6806534
544.0660855
593.1640176
637.7926213
702.0642395
682.6681986
662.9605212
692.1924813
626.4941793
672.7883379
639.5908162
708.4802505
689.599734
692.8385288
553.6589547
578.3923013
733.3349019
881.3114093
762.1627993
672.9920954
724.6075204
848.2549273
808.2961167
748.4642976
768.2415902
895.1269643
739.9460199
724.355995
835.6218302
905.3692696
851.4288497
923.8199209
995.8308491
1037.869178
985.8724112
1171.388957
1221.33857
1311.314651
1605.450634
1626.06127
1825.484229
2066.821606
2127.475846
2124.58993
2446.398266
3091.386977
2701.62082
3618.605255
4071.141678
4343.146901
3430.710933
4342.582159
4695.0877
4970.971456
4793.565779
5090.141184
4743.646198
3473.614782
3166.906261
3745.729378
4303.978034
5265.199843
4861.357962
5250.315
5421.750946
6369.407657
6296.964304
6952.574396
7306.930434
6969.205688
7209.672919
6171.977804
6934.998198
7150.024169
6080.041266
5761.689489
6150.118589
5797.596087
4938.009527
4982.827712
5466.898374
5157.678304
4499.013299
4628.237965
4687.953513
5134.935235
4440.569764
5129.536073
5815.950916
6433.022537
5970.055731
6475.391237
7231.311022
7904.849255
7369.540934
7546.392446
6686.611339
7296.113147
6300.432931
