EXPO
23.223
25.779
21.26
24.039
16.401
17.596
18.34
19.373
18.32
19.463
23.449
23.595
25.477
21.519
22.337
28.184
28.276
26.211
30.238
32.112
25.434
25.702
30.707
37.497
30.409
33.132
40.817
45.183
42.742
35.784
40.341
47.998
42.33174334
37.7776121
42.59126576
64.08289989
45.74243132
44.9161802
52.28275701
82.93850471
57.6492843
55.40657645
63.34948193
99.02053623
67.64310519
60.75491005
78.40780064
116.4763761
83.52676956
72.54352256
84.03153275
99.75870577
52.24621902
52.2397026
66.70139676
130.9955581
94.83917414
76.22628995
91.20764803
143.4144714
103.5626764
74.57924837
88.64477756
127.255238
101.7794526
79.0967944
107.890268
147.9782587
126.251557
111.959389
130.346786
181.218236
132.8877
121.4011
159.5459
209.7577
179.4589
155.8636
204.6641
260.6415
211.882
215.1785
256.4691
324.1665
270.4437
238.9131
301.8006
408.965
314.7117
301.1121
408.5206
487.806
459.2409
407.4597
533.3735
512.5735
407.6388
379.3928
454.9078
585.6674
471.0785
436.5396
553.7131
741.2204
622.5674
586.3227
735.7471
890.8899
687.2747
650.7526
751.9443
992.7295
760.2124
684.7429
825.8599
1173.5544
998.2119
888.6917
1034.0757
1310.3269
1053.9979
885.3623
1018.0902
1451.1927
1033.5295
946.35
1144.4507
1577.8712
1082.298
1108.5889
1308.6569
1628.5738
1353.8192
1279.798
